HpC 0.07469498 -0.07633094 2.206474
Sp 0.07147374 -0.03074209 2.150538
ShC 0.05536754 0.1972022 1.886863
Hd 0.06250664 0.3503605 1.756579
ShL -0.09410822 0.1508203 1.927414
ElL -0.1641223 -0.08228464 2.029794
WrL -0.128236 -0.2974062 2.108014
HnL -0.1250618 -0.3996753 2.106761
ShR 0.2337626 0.1488935 1.942425
ElR 0.3190436 -0.08648739 2.044963
WrR 0.2589238 -0.3407377 2.066132
HnR 0.2602339 -0.4156205 2.055591
HpL 0.004391864 -0.1249758 2.259758
KnL -0.0772007 -0.4485698 2.176386
AnL -0.07622245 -0.8105183 2.157537
FtL -0.09560667 -0.8879667 2.121287
HpR 0.1519337 -0.1258429 2.263182
KnR 0.2299571 -0.444958 2.150473
AnR 0.2140365 -0.7904437 2.13598
FtR 0.2165191 -0.8760914 2.078542
HpC HpC 0.007419155 0.9127056 -0.4084426 0.009386601
HpC Sp -0.02538408 0.9030871 -0.4287041 0.001461183
Sp ShC -0.02630763 0.9091988 -0.4155255 0.00201796
ShC Hd 0.01349609 0.9382915 -0.3452688 0.01470684
ShC ShL 0.7626511 -0.4994637 0.2486067 0.3272521
ShL ElL 0.7190309 0.03289532 0.6514603 0.2398165
ElL WrL 0.7535899 0.1707335 0.6295497 0.08136073
WrL HnL 0.7729944 0.00811123 0.6341936 -0.01457015
ShC ShR 0.757239 0.5074536 -0.2274795 0.3425391
ShR ElR 0.8279796 0.03833771 -0.4994721 0.2520072
ElR WrR 0.8652232 -0.1206674 -0.4861908 -0.02113693
WrR HnR 0.8770413 0.04091309 -0.4752301 -0.05728092
HpC HpL 0.8463429 -0.3417459 0.1585773 0.3765191
HpL KnL 0.9850665 -0.1199466 -0.003610451 -0.1234651
KnL AnL 0.9995915 0.001043717 0.01176683 -0.02602633
AnL FtL 0.9702861 -0.1108674 -0.0138127 -0.2146218
HpC HpR 0.8401058 0.3568037 -0.154108 0.3783704
HpR KnR 0.978783 0.1082845 0.03730209 -0.1699026
KnR AnR 0.9994527 -0.02324134 0.01123335 -0.0206841
AnR FtR 0.9563147 0.005098677 0.02457341 -0.29126
